[[9.67013720e+01 8.99585432e+01 1.11147867e+02 1.21733533e+02
  1.07529919e+02 1.26310567e+02 1.52045040e+02 1.70763103e+02
  1.68932789e+02 1.64718527e+02 1.67801101e+02 1.90658731e+02
  2.11044784e+02 1.93512992e+02 1.95626729e+02 2.54648254e+02
  3.09527618e+02 2.33703973e+02 3.60885114e+02 3.10489145e+02
  2.52646164e+02 1.25342780e+04 2.55184827e+02 2.89261045e+02
  3.66717555e+02 3.08136491e+04 1.09122445e+04 7.89197870e+03
  6.51863294e+02 3.16680065e+02 1.13988042e+04 2.05627600e+04
  1.04620388e+04 1.48053912e+04 1.11745422e+04 1.67362422e+04
  3.19414416e+03 2.54960204e+04 2.83373953e+04 2.10435436e+04
  1.83329961e+04 2.38913752e+04 1.05806153e+04 7.15592734e+03
  5.60224095e+03 1.34814623e+04 7.54167735e+03 2.16055706e+04
  2.27004222e+04 1.35863664e+04 1.02261634e+04 9.86306935e+03
  1.28040532e+04 1.24137346e+04 1.37438630e+04 9.31314372e+03
  8.07778419e+03 6.58120159e+03 9.13330649e+03 1.05338060e+04
  9.67176211e+03 7.96425056e+03 9.37434882e+03 9.76571162e+03
  9.89139543e+03 8.29977206e+03 7.91297977e+03 6.23837057e+03
  8.03886472e+03 6.59087384e+03 6.64466532e+03 5.14697445e+03
  5.57810338e+03 7.34068822e+03 5.85275570e+03 6.85699271e+03
  5.00624676e+03 5.22880076e+03 5.92645466e+03 5.08971376e+03]
 [1.99462401e+02 2.27396597e+02 2.37440757e+02 2.94414313e+02
  3.57244768e+02 2.81533809e+02 4.28106975e+02 3.70321889e+02
  4.00447350e+02 3.59255685e+02 3.99493529e+02 4.46803453e+02
  4.60041278e+02 4.08014636e+02 8.16527782e+02 4.23242123e+02
  6.74571688e+02 8.06679245e+02 9.90933720e+02 7.99098316e+02
  9.67601533e+02 1.09865490e+03 2.10356085e+03 1.00795383e+03
  1.05375315e+03 1.22210558e+03 1.62086779e+03 9.94914768e+02
  2.25618577e+03 1.78928360e+03 1.75321573e+03 1.35352762e+03
  4.36021134e+04 1.82647596e+03 2.06145404e+03 5.17918252e+04
  2.57667596e+03 4.79973147e+04 4.24908665e+03 5.64236749e+03
  9.05662368e+04 7.67403130e+04 6.56541957e+03 6.29045066e+04
  6.80014200e+04 3.64792681e+04 4.95202271e+04 7.10440938e+04
  2.54579693e+04 4.43900712e+04 4.98097863e+04 4.24890402e+04
  3.28755770e+04 2.66919331e+04 5.04256415e+04 4.59747899e+04
  3.26743478e+04 2.53812435e+04 2.14835813e+04 2.28216278e+04
  2.09404149e+04 2.23631228e+04 2.93748612e+04 1.95953452e+04
  2.19574980e+04 2.91966392e+04 1.74734853e+04 1.54272288e+04
  1.78691745e+04 1.86113556e+04 1.77064364e+04 2.19778016e+04
  1.69038774e+04 1.94815741e+04 1.28870855e+04 1.44441075e+04
  1.45513083e+04 1.28136243e+04 1.05513053e+04 1.03218226e+04]
 [6.22941091e+02 1.12605101e+03 7.13303449e+02 8.00344668e+02
  9.92208669e+02 8.93063415e+02 1.02538738e+03 1.08091864e+03
  9.77905220e+02 1.09459573e+03 1.07255379e+03 1.09768626e+03
  1.15288308e+03 1.49249035e+03 1.19937627e+03 1.69459122e+03
  2.14448302e+03 1.71725666e+03 1.63373791e+03 2.45765499e+03
  2.46138697e+03 3.03964747e+03 2.97613089e+03 3.61012794e+03
  2.86505560e+03 3.74839035e+03 1.40346553e+04 5.04716422e+03
  4.12184528e+03 3.94594263e+03 5.37885473e+03 5.17721546e+03
  8.85526473e+03 1.15945133e+04 1.30735526e+04 1.69617617e+04
  1.64608401e+04 1.83500176e+04 2.39930285e+05 1.46477970e+05
  1.35674697e+05 1.98328050e+04 8.05217877e+04 2.29248865e+05
  1.97609629e+05 1.05355361e+05 2.89331063e+05 1.97792600e+05
  4.54372248e+05 4.18728419e+05 1.82526784e+05 1.66588885e+05
  1.40571867e+05 2.43666429e+05 1.45437390e+05 1.11175806e+05
  1.99756643e+05 1.43204210e+05 1.22385393e+05 1.67753759e+05
  7.97000497e+04 8.96230363e+04 7.26831005e+04 7.47947601e+04
  8.88596259e+04 7.44915513e+04 7.32809889e+04 6.87036794e+04
  6.17574256e+04 6.42205250e+04 5.53236820e+04 4.69238590e+04
  4.83195823e+04 5.09289777e+04 4.89254051e+04 4.40829938e+04
  5.49627999e+04 3.47766465e+04 3.44831821e+04 3.60670880e+04]
 [0.00000000e+00 0.00000000e+00 0.00000000e+00 0.00000000e+00
  0.00000000e+00 0.00000000e+00 0.00000000e+00 0.00000000e+00
  0.00000000e+00 0.00000000e+00 0.00000000e+00 0.00000000e+00
  0.00000000e+00 0.00000000e+00 0.00000000e+00 0.00000000e+00
  0.00000000e+00 0.00000000e+00 0.00000000e+00 0.00000000e+00
  0.00000000e+00 0.00000000e+00 0.00000000e+00 0.00000000e+00
  0.00000000e+00 0.00000000e+00 0.00000000e+00 0.00000000e+00
  0.00000000e+00 0.00000000e+00 0.00000000e+00 0.00000000e+00
  0.00000000e+00 0.00000000e+00 0.00000000e+00 0.00000000e+00
  0.00000000e+00 0.00000000e+00 0.00000000e+00 0.00000000e+00
  0.00000000e+00 0.00000000e+00 0.00000000e+00 0.00000000e+00
  0.00000000e+00 0.00000000e+00 0.00000000e+00 0.00000000e+00
  0.00000000e+00 0.00000000e+00 0.00000000e+00 0.00000000e+00
  0.00000000e+00 0.00000000e+00 0.00000000e+00 0.00000000e+00
  0.00000000e+00 0.00000000e+00 0.00000000e+00 0.00000000e+00
  0.00000000e+00 0.00000000e+00 0.00000000e+00 0.00000000e+00
  0.00000000e+00 0.00000000e+00 0.00000000e+00 0.00000000e+00
  0.00000000e+00 0.00000000e+00 0.00000000e+00 0.00000000e+00
  0.00000000e+00 0.00000000e+00 0.00000000e+00 0.00000000e+00
  0.00000000e+00 0.00000000e+00 0.00000000e+00 0.00000000e+00]
 [0.00000000e+00 0.00000000e+00 0.00000000e+00 0.00000000e+00
  0.00000000e+00 0.00000000e+00 0.00000000e+00 0.00000000e+00
  0.00000000e+00 0.00000000e+00 0.00000000e+00 0.00000000e+00
  0.00000000e+00 0.00000000e+00 0.00000000e+00 0.00000000e+00
  0.00000000e+00 0.00000000e+00 0.00000000e+00 0.00000000e+00
  0.00000000e+00 0.00000000e+00 0.00000000e+00 0.00000000e+00
  0.00000000e+00 0.00000000e+00 0.00000000e+00 0.00000000e+00
  0.00000000e+00 0.00000000e+00 0.00000000e+00 0.00000000e+00
  0.00000000e+00 0.00000000e+00 0.00000000e+00 0.00000000e+00
  0.00000000e+00 0.00000000e+00 0.00000000e+00 0.00000000e+00
  0.00000000e+00 0.00000000e+00 0.00000000e+00 0.00000000e+00
  0.00000000e+00 0.00000000e+00 0.00000000e+00 0.00000000e+00
  0.00000000e+00 0.00000000e+00 0.00000000e+00 0.00000000e+00
  0.00000000e+00 0.00000000e+00 0.00000000e+00 0.00000000e+00
  0.00000000e+00 0.00000000e+00 0.00000000e+00 0.00000000e+00
  0.00000000e+00 0.00000000e+00 0.00000000e+00 0.00000000e+00
  0.00000000e+00 0.00000000e+00 0.00000000e+00 0.00000000e+00
  0.00000000e+00 0.00000000e+00 0.00000000e+00 0.00000000e+00
  0.00000000e+00 0.00000000e+00 0.00000000e+00 0.00000000e+00
  0.00000000e+00 0.00000000e+00 0.00000000e+00 0.00000000e+00]
 [0.00000000e+00 0.00000000e+00 0.00000000e+00 0.00000000e+00
  0.00000000e+00 0.00000000e+00 0.00000000e+00 0.00000000e+00
  0.00000000e+00 0.00000000e+00 0.00000000e+00 0.00000000e+00
  0.00000000e+00 0.00000000e+00 0.00000000e+00 0.00000000e+00
  0.00000000e+00 0.00000000e+00 0.00000000e+00 0.00000000e+00
  0.00000000e+00 0.00000000e+00 0.00000000e+00 0.00000000e+00
  0.00000000e+00 0.00000000e+00 0.00000000e+00 0.00000000e+00
  0.00000000e+00 0.00000000e+00 0.00000000e+00 0.00000000e+00
  0.00000000e+00 0.00000000e+00 0.00000000e+00 0.00000000e+00
  0.00000000e+00 0.00000000e+00 0.00000000e+00 0.00000000e+00
  0.00000000e+00 0.00000000e+00 0.00000000e+00 0.00000000e+00
  0.00000000e+00 0.00000000e+00 0.00000000e+00 0.00000000e+00
  0.00000000e+00 0.00000000e+00 0.00000000e+00 0.00000000e+00
  0.00000000e+00 0.00000000e+00 0.00000000e+00 0.00000000e+00
  0.00000000e+00 0.00000000e+00 0.00000000e+00 0.00000000e+00
  0.00000000e+00 0.00000000e+00 0.00000000e+00 0.00000000e+00
  0.00000000e+00 0.00000000e+00 0.00000000e+00 0.00000000e+00
  0.00000000e+00 0.00000000e+00 0.00000000e+00 0.00000000e+00
  0.00000000e+00 0.00000000e+00 0.00000000e+00 0.00000000e+00
  0.00000000e+00 0.00000000e+00 0.00000000e+00 0.00000000e+00]
 [0.00000000e+00 0.00000000e+00 0.00000000e+00 0.00000000e+00
  0.00000000e+00 0.00000000e+00 0.00000000e+00 0.00000000e+00
  0.00000000e+00 0.00000000e+00 0.00000000e+00 0.00000000e+00
  0.00000000e+00 0.00000000e+00 0.00000000e+00 0.00000000e+00
  0.00000000e+00 0.00000000e+00 0.00000000e+00 0.00000000e+00
  0.00000000e+00 0.00000000e+00 0.00000000e+00 0.00000000e+00
  0.00000000e+00 0.00000000e+00 0.00000000e+00 0.00000000e+00
  0.00000000e+00 0.00000000e+00 0.00000000e+00 0.00000000e+00
  0.00000000e+00 0.00000000e+00 0.00000000e+00 0.00000000e+00
  0.00000000e+00 0.00000000e+00 0.00000000e+00 0.00000000e+00
  0.00000000e+00 0.00000000e+00 0.00000000e+00 0.00000000e+00
  0.00000000e+00 0.00000000e+00 0.00000000e+00 0.00000000e+00
  0.00000000e+00 0.00000000e+00 0.00000000e+00 0.00000000e+00
  0.00000000e+00 0.00000000e+00 0.00000000e+00 0.00000000e+00
  0.00000000e+00 0.00000000e+00 0.00000000e+00 0.00000000e+00
  0.00000000e+00 0.00000000e+00 0.00000000e+00 0.00000000e+00
  0.00000000e+00 0.00000000e+00 0.00000000e+00 0.00000000e+00
  0.00000000e+00 0.00000000e+00 0.00000000e+00 0.00000000e+00
  0.00000000e+00 0.00000000e+00 0.00000000e+00 0.00000000e+00
  0.00000000e+00 0.00000000e+00 0.00000000e+00 0.00000000e+00]]
